 中国公船による尖閣諸島接近（接続水域入域・領海侵入）状況                    －令和元年5月－
                (５／３１現在)


                                                             （隻）
                          領海侵入                        領海侵入
 年    月   日    接続水域入域   (接続水域入域の内数)
                                      日    接続水域入域
                                                    (接続水域入域の内数)


          1      4                    17     4

          2      4                    18     4

          3      4                    19     4

          4      4                    20     4           4

          5      4                    21     4

          6      4                    22     4

          7      4                    23     4

          8      4                    24     4           2
令和元   5
          9      4           4        25     4

          10     4                    26     4

          11     4                    27     4

          12     4                    28     4

          13     4                    29     4

          14     4                    30     4           4

          15     8                    31     8

          16     4

              接続水域入域；  ３１ 日、のべ 132 隻
           領海侵入(接続水域入域の内数)； ４ 日、のべ １４ 隻
