中国公船による尖閣諸島接近（接続水域入域・領海侵入）状況                    －令和２年７月－
               (７／３１現在)


                                                         （隻）
                         領海侵入        日    接続水域入域     領海侵入
年    月   日    接続水域入域   (接続水域入域の内数)                 (接続水域入域の内数)


         1      4                    17     4

         2      4           2        18     4

         3      4           2        19     4

         4      4           2        20     4

         5      4           2        21     4

         6      4                    22     4

         7      4                    23     4

         8      4                    24     2
R2   7
         9      4                    25     2

         10     4                    26     4

         11     4                    27     2

         12     4                    28     2

         13     4                    29     3

         14     4           4        30     4

         15     8                    31     4

         16     4


            接続水域入域；  ３１ 日、のべ 119 隻
         領海侵入(接続水域入域の内数)； ５ 日、のべ １２ 隻
