    中国公船による尖閣諸島接近（接続水域入域・領海侵入）状況                   －H24年10月－



                                                               （隻）
年     月    日     接続水域入域     領海侵入        日    接続水域入域     領海侵入
                          (接続水域入域の内数)                 (接続水域入域の内数)


           1       6                    16

           2       7           4        17

           3       5           3        18

           4       8                    19

           5       8                    20     5

           6       8                    21     4

           7       5                    22     4

H24   10   8       4                    23     5

           9       8                    24     5

           10      4                    25     7           4

           11                           26     4

           12                           27     4

           13                           28     4           4

           14                           29     6

           15                           30     6           4

                                        31     5


                    接続水域入域；22日、のべ122隻
                領海侵入(接続水域入域の内数)；5日、のべ19隻
