中国公船による尖閣諸島接近（接続水域入域・領海侵入）状況                    －令和２年５月－
               (５／３１現在)


                                                           （隻）
                         領海侵入                          領海侵入
年    月   日    接続水域入域   (接続水域入域の内数)
                                     日    接続水域入域
                                                     (接続水域入域の内数)


         1      2                    17     4

         2      2                    18     4

         3      2                    19     4

         4      4                    20     4

         5      4                    21     4

         6      4                    22     4

         7      4                    23     4

         8      4           4        24     2
R2   5
         9      4           2        25     2

         10     4           2        26     4

         11     4                    27     2

         12     4                    28     2

         13     4                    29     4

         14     4                    30     4

         15     8                    31     4

         16     4

             接続水域入域；  ３１ 日、のべ 114 隻
          領海侵入(接続水域入域の内数)； ３ 日、のべ               ８隻
