      中国公船による尖閣諸島接近（接続水域入域・領海侵入）状況                 －H25年1月－



                                                               （隻）
年      月   日     接続水域入域     領海侵入        日    接続水域入域     領海侵入
                          (接続水域入域の内数)                 (接続水域入域の内数)


           1       3                    16     2

           2                            17

           3                            18

           4                            19     4           3

           5                            20     3

           6                            21     4           3

           7       4           4        22     1

H25    1   8       4           4        23

           9                            24     3

           10                           25     3

           11      4                    26     3

           12      4                    27

           13                           28     3

           14                           29     3

           15      2                    30     3           3

                                        31     4


                    接続水域入域；18日、のべ57隻
                領海侵入(接続水域入域の内数)；5日、のべ17隻
