中国海警局に所属する船舶等による尖閣諸島接近（接続水域入域・領海侵入）状況
               －令和４年８月－
               (８／３１現在)


                                                            （隻）
                         領海侵入        日    接続水域入域     領海侵入
年    月   日    接続水域入域   (接続水域入域の内数)                 (接続水域入域の内数)


         1      4                    17     4

         2      4                    18     4

         3      4                    19     4

         4      4                    20     4

         5      4                    21     4

         6      4                    22     4

         7      4           2        23     4

         8      4           2        24     4
R4   8
         9      4                    25     4           4

         10     4                    26     3

         11     4                    27     2

         12     4                    28     4

         13     4                    29     2

         14     4           2        30     3

         15     8           4        31     3

         16     4           2


             接続水域入域；  ３１ 日、のべ 121 隻
          領海侵入(接続水域入域の内数)； ６ 日、のべ １６ 隻
