    中国公船による尖閣諸島接近（接続水域入域・領海侵入）状況                   －H25年12月－



                                                               （隻）
年     月    日     接続水域入域     領海侵入        日    接続水域入域     領海侵入
                          (接続水域入域の内数)                 (接続水域入域の内数)


           1       2                    16

           2       2                    17

           3       3                    18

           4       3                    19

           5       3                    20

           6       3                    21

           7       3                    22     4           4

H25   12   8       3           3        23     4

           9                            24     4

           10                           25     3

           11                           26

           12      3                    27

           13      3                    28

           14                           29     3           3

           15                           30     2

                                        31     3


                    接続水域入域；17日、のべ51隻
                領海侵入(接続水域入域の内数)；3日、のべ10隻
