中国海警局に所属する船舶等による尖閣諸島接近（接続水域入域・領海侵入）状況
              －令和７年12月－
                         ( 12/31 現在)


                                                            （隻）
                          領海侵入        日    接続水域入域       領海侵入
年    月    日    接続水域入域   (接続水域入域の内数)                   (接続水域入域の内数)


          1      4                    17     4

          2      4           2        18     4

          3      4                    19     4

          4      4                    20     4

          5      4                    21     1

          6      4                    22     1

          7      4                    23     4

          8      4                    24     4
R7   12
          9      4                    25     4

          10     4           4        26     4

          11     2                    27     4

          12     2                    28     4

          13     4                    29     4

          14     2                    30     4

          15     2                    31     4

          16     4

             接続水域入域；  ３１ 日、のべ 110 隻
          領海侵入(接続水域入域の内数)； ２ 日、のべ                ６隻
