中国海警局に所属する船舶等による尖閣諸島接近（接続水域入域・領海侵入）状況
               －令和４年５月－
               (５／３１現在)


                                                           （隻）
                         領海侵入                          領海侵入
年    月   日    接続水域入域   (接続水域入域の内数)
                                     日    接続水域入域
                                                     (接続水域入域の内数)


         1      4                    17     4

         2      4                    18     4

         3      4                    19     4

         4      4                    20     4

         5      4                    21     4

         6      2                    22     3

         7      4                    23     3

         8      4                    24     4
R4   5
         9      4           2        25     4

         10     4           2        26     4

         11     4                    27     4

         12     4                    28     4

         13     4                    29     2

         14     4           4        30     2

         15     4                    31     2

         16     6

             接続水域入域；  ３１ 日、のべ 116 隻
          領海侵入(接続水域入域の内数)； ３ 日、のべ               ８隻
