 中国公船による尖閣諸島接近（接続水域入域・領海侵入）状況                    －令和元年７月－
                (７／３１現在)


                                                             （隻）
                          領海侵入                        領海侵入
 年    月   日    接続水域入域   (接続水域入域の内数)
                                      日    接続水域入域
                                                    (接続水域入域の内数)


          1      2                    17     4

          2      6                    18

          3      4                    19

          4      4                    20

          5      4                    21     4

          6      4                    22     4

          7      4                    23     4

          8      4                    24     4
令和元   7
          9      4                    25     4

          10     4           4        26     4

          11     4                    27     4           4

          12     4                    28     4

          13     4                    29     4

          14     4                    30     4

          15     4           4        31     8

          16     8

              接続水域入域；  ２８ 日、のべ 120 隻
           領海侵入(接続水域入域の内数)； ３ 日、のべ １２ 隻
