中国海警局に所属する船舶等による尖閣諸島接近（接続水域入域・領海侵入）状況
               －令和６年７月－
               (７／３１現在)


                                                         （隻）
                         領海侵入        日    接続水域入域     領海侵入
年    月   日    接続水域入域   (接続水域入域の内数)                 (接続水域入域の内数)


         1      4                    17     4

         2      4           3        18     4

         3      4           3        19     4

         4      4           2        20     4

         5      4                    21     4

         6      4                    22     4

         7      8                    23     4

         8      4                    24
R6   7
         9      4           4        25

         10     4           2        26

         11     4           2        27

         12     3                    28     4

         13     3                    29     4

         14     3                    30     3

         15     3                    31     4

         16     4           2

            接続水域入域；  ２７ 日、のべ 107 隻
         領海侵入(接続水域入域の内数)； ７ 日、のべ １８ 隻
