中国海警局に所属する船舶等による尖閣諸島接近（接続水域入域・領海侵入）状況
               －令和４年１２月－
              (１２／３１現在)


                                                             （隻）
                          領海侵入        日    接続水域入域     領海侵入
年    月    日    接続水域入域   (接続水域入域の内数)                 (接続水域入域の内数)


          1      2                    17

          2      2                    18

          3      2                    19     3

          4      2                    20     4

          5      2                    21     4           4

          6      2                    22     4           2

          7      4                    23     6           4

          8      4                    24     4           2
R4   12
          9      4                    25     4           2

          10     1                    26     4

          11     1                    27     4

          12     2                    28     4

          13     2                    29     4

          14     4                    30     4

          15     4                    31     4

          16     4

             接続水域入域；  ２９ 日、のべ 95 隻
          領海侵入(接続水域入域の内数)； ５ 日、のべ １４ 隻
