中国海警局に所属する船舶等による尖閣諸島接近（接続水域入域・領海侵入）状況
               －令和６年１月－
               (１／３１現在)


                                                              （隻）
                         領海侵入        日    接続水域入域       領海侵入
年    月   日    接続水域入域   (接続水域入域の内数)                   (接続水域入域の内数)


         1      8                    17     4

         2      4                    18     4

         3      4                    19     2

         4      4                    20     2

         5      4                    21     4

         6      4                    22     2

         7      4                    23     1

         8      4                    24     2
R6   1
         9      4                    25     4

         10     4                    26     4

         11     4           4        27     4             2

         12     4                    28     4

         13     4                    29     4

         14     4                    30     4

         15     4                    31     4

         16     4

            接続水域入域；  ３１ 日、のべ 117 隻
         領海侵入(接続水域入域の内数)； ２ 日、のべ                ６隻
