中国海警局に所属する船舶等による尖閣諸島接近（接続水域入域・領海侵入）状況
               －令和５年６月－
               (６／３０現在)


                                                              （隻）
                         領海侵入        日    接続水域入域       領海侵入
年    月   日    接続水域入域   (接続水域入域の内数)                   (接続水域入域の内数)


         1                           17     4

         2      4                    18     4

         3      4                    19     4

         4      4                    20     4

         5      4                    21     4             4

         6      4                    22     4

         7      4                    23     4

         8      4           2        24     4
R5   6
         9      4           2        25     4

         10     2                    26     4

         11     2                    27     4

         12     4                    28     4

         13     2                    29     4

         14     2                    30     4

         15     4

         16     4

            接続水域入域；  ２９ 日、のべ 108 隻
         領海侵入(接続水域入域の内数)； ３ 日、のべ                ８隻
