中国海警局に所属する船舶等による尖閣諸島接近（接続水域入域・領海侵入）状況
               －令和７年７月－
                        (   7/31 現在)

                                                         （隻）
                            領海侵入     日    接続水域入域     領海侵入
年    月   日    接続水域入域   (接続水域入域の内数)                 (接続水域入域の内数)


         1      4                    17     2

         2      8                    18     2

         3      4            4       19     3

         4      4                    20     2

         5      4                    21     2

         6      4                    22     4

         7      3                    23     4

         8      4                    24     4
R7   7
         9      4            2       25     2

         10     4            2       26     3

         11     4            2       27     4

         12     4                    28     4

         13     4                    29     4

         14     4                    30     4

         15     2                    31     4

         16     4

            接続水域入域；  ３１ 日、のべ 113 隻
         領海侵入(接続水域入域の内数)； ４ 日、のべ １０ 隻
