    中国公船による尖閣諸島接近（接続水域入域・領海侵入）状況                   －H28年６月－
                  ( ６/３０現在)


                                                               （隻）
年     月   日      接続水域入域     領海侵入        日    接続水域入域     領海侵入
                          (接続水域入域の内数)                 (接続水域入域の内数)


          1        3                    17     2

          2        3                    18     2

          3        3                    19     2

          4        3                    20     2

          5        3                    21     3

          6        3                    22     3

          7        3                    23     3

          8        3           3        24     2
H28   6
          9        3                    25     3

          10       2                    26     2

          11       3                    27     3           3

          12       3                    28     3

          13       3                    29     3

          14                            30     6

          15       3           3

          16       2


                接続水域入域；     ２９日、のべ  ８２隻
               領海侵入(接続水域入域の内数)； ３日、のべ ９隻
