中国海警局に所属する船舶等による尖閣諸島接近（接続水域入域・領海侵入）状況
               －令和８年５月－
                        (   5/31 現在)

                                                              （隻）
                            領海侵入     日    接続水域入域       領海侵入
年    月   日    接続水域入域   (接続水域入域の内数)                   (接続水域入域の内数)


         1      8                    17     4

         2      4                    18     4

         3      4                    19     2

         4      4                    20     4

         5      4                    21     2

         6      4                    22     2

         7      4            4       23     4

         8      4                    24     4
R8   5
         9      4                    25     4             2

         10     4                    26     4             2

         11     4                    27     4

         12     4                    28     4

         13     4                    29     4

         14     4                    30     4

         15     4                    31     4

         16     4

            接続水域入域；  ３１ 日、のべ 122 隻
         領海侵入(接続水域入域の内数)； ３ 日、のべ                ８隻
