中国海警局に所属する船舶等による尖閣諸島接近（接続水域入域・領海侵入）状況
               －令和３年１１月－
              (１１／３０現在)


                                                               （隻）
                          領海侵入                          領海侵入
年    月    日    接続水域入域   (接続水域入域の内数)
                                      日    接続水域入域
                                                      (接続水域入域の内数)


          1      4                    17     2

          2      2                    18     4

          3      2                    19     4             4

          4      4                    20     4

          5      2                    21     2

          6      2                    22

          7      2                    23

          8      2                    24     4
R3   11
          9      3                    25     4

          10     3                    26     4

          11     4                    27     2

          12     4                    28     2

          13     4                    29

          14     4                    30

          15     4

          16     2

              接続水域入域；  ２６ 日、のべ 80 隻
           領海侵入(接続水域入域の内数)； １ 日、のべ               ４隻
