    中国公船による尖閣諸島接近（接続水域入域・領海侵入）状況                 －H28年５月－
                  ( ５/３１現在)


                                                             （隻）
年     月   日    接続水域入域     領海侵入        日    接続水域入域     領海侵入
                        (接続水域入域の内数)                 (接続水域入域の内数)


          1      3                    17     4           4

          2      2                    18     4

          3      2                    19     4

          4                           20     4

          5                           21     4

          6      3                    22     4

          7      3                    23     4

          8      3                    24     4
H28   5
          9      3           3        25     4

          10     2                    26     4

          11     2                    27     3

          12     3                    28     4

          13     3                    29     4

          14     3                    30     4           4

          15     3                    31     7

          16


             接続水域入域；    ２８日、のべ  ９７隻
           領海侵入(接続水域入域の内数)； ３日、のべ １１隻
