中国海警局に所属する船舶等による尖閣諸島接近（接続水域入域・領海侵入）状況
               －令和３年６月－
               (６／３０現在)


                                                            （隻）
                         領海侵入        日    接続水域入域     領海侵入
年    月   日    接続水域入域   (接続水域入域の内数)                 (接続水域入域の内数)


         1      4                    17     4

         2      4                    18     4

         3      4                    19     4

         4      4                    20     4           2

         5      4                    21     4           2

         6      2                    22     4           2

         7      4                    23     4           2

         8      4                    24     3
R3   6
         9      4                    25     4

         10     4                    26     4           4

         11     4                    27     2

         12     4                    28     4

         13     4                    29     3

         14     4                    30     4

         15     8

         16     4           4


             接続水域入域；  ３０ 日、のべ 118 隻
          領海侵入(接続水域入域の内数)； ６ 日、のべ １６ 隻
