中国公船による尖閣諸島接近（接続水域入域・領海侵入）状況                      －令和元年１０月－
               (１０／３１現在)


                                                              （隻）
                           領海侵入                        領海侵入
 年    月    日    接続水域入域   (接続水域入域の内数)
                                       日    接続水域入域
                                                     (接続水域入域の内数)


           1                           17     4

           2      4                    18     4

           3      4                    19     4

           4      4                    20     4

           5      4                    21     4

           6      4                    22     4

           7      4           4        23     4

           8      4                    24     4
令和元   10
           9      4                    25     4

           10     4                    26     4           4

           11     4                    27     4

           12     4                    28     4

           13     2                    29     4

           14                          30     4

           15                          31     6

           16     4           4


               接続水域入域；  ２８ 日、のべ 112 隻
            領海侵入(接続水域入域の内数)； ３ 日、のべ １２ 隻
