中国公船による尖閣諸島接近（接続水域入域・領海侵入）状況                    －令和２年９月－
               (９／３０現在)


                                                           （隻）
                         領海侵入        日    接続水域入域       領海侵入
年    月   日    接続水域入域   (接続水域入域の内数)                   (接続水域入域の内数)


         1                           17     4

         2                           18     4

         3      2                    19     4

         4      2                    20     4

         5      2                    21     2

         6                           22     3

         7      4                    23     2

         8      4                    24     2
R2   9
         9      4                    25     4

         10     4                    26     2

         11     4                    27     2

         12     4                    28     4

         13     4                    29     4

         14     4                    30     4

         15     8

         16     4


             接続水域入域；  ２７ 日、のべ 95 隻
          領海侵入(接続水域入域の内数)； ０ 日、のべ               ０隻
