中国海警局に所属する船舶等による尖閣諸島接近（接続水域入域・領海侵入）状況
               －令和４年４月－
               (４／３０現在)


                                                           （隻）
                         領海侵入                          領海侵入
年    月   日    接続水域入域   (接続水域入域の内数)
                                     日    接続水域入域
                                                     (接続水域入域の内数)


         1                           17     4

         2                           18     4

         3                           19     4

         4      4                    20     4

         5      4                    21     4

         6      4                    22     4

         7      2                    23     4

         8      4                    24     4
R4   4
         9      4                    25     2

         10     4                    26     2

         11     4                    27     4

         12     4           4        28     2

         13     4                    29     2

         14     4                    30     4

         15

         16     2

             接続水域入域；  ２６ 日、のべ 92 隻
          領海侵入(接続水域入域の内数)； １ 日、のべ               ４隻
