中国海警局に所属する船舶等による尖閣諸島接近（接続水域入域・領海侵入）状況
               －令和７年３月－
               (３／３１現在)


                                                            （隻）
                         領海侵入                        領海侵入
年    月   日    接続水域入域   (接続水域入域の内数)
                                     日    接続水域入域
                                                   (接続水域入域の内数)


         1      4                    17     2

         2      4                    18     4

         3      6                    19     2

         4      4                    20     2

         5      4                    21     4           2

         6      4                    22     4           4

         7      4                    23     4           3

         8      4                    24     4           2
R7   3
         9      4                    25     4

         10     4                    26     4

         11     4                    27     4

         12     4                    28     4

         13     4                    29     4

         14     4           4        30     4

         15     4                    31     4

         16     2


            接続水域入域；  ３１ 日、のべ 118 隻
         領海侵入(接続水域入域の内数)； ５ 日、のべ １５ 隻
