中国公船による尖閣諸島接近（接続水域入域・領海侵入）状況                    －令和２年２月－
               (２／２９現在)


                                                           （隻）
                         領海侵入                          領海侵入
年    月   日    接続水域入域   (接続水域入域の内数)
                                     日    接続水域入域
                                                     (接続水域入域の内数)


         1                           17

         2      4                    18

         3      4                    19     4

         4      4                    20     4

         5      4           4        21     4

         6      2                    22     4

         7      2                    23     4

         8      2                    24     4
R2   2
         9      3                    25     4

         10     3                    26     4

         11     4                    27     4

         12     4                    28     4

         13     4           4        29     2

         14     4

         15     2

         16     2

             接続水域入域；  ２６ 日、のべ 90 隻
          領海侵入(接続水域入域の内数)； ２ 日、のべ               ８隻
