中国海警局に所属する船舶等による尖閣諸島接近（接続水域入域・領海侵入）状況
               －令和３年１２月－
              (１２／３１現在)


                                                             （隻）
                          領海侵入        日    接続水域入域     領海侵入
年    月    日    接続水域入域   (接続水域入域の内数)                 (接続水域入域の内数)


          1                           17     2

          2      4                    18     2

          3      4                    19     2

          4      4                    20     5           4

          5      4                    21     4           2

          6      4                    22     4

          7      2                    23     4

          8      2                    24     4
R3   12
          9      4                    25

          10     4                    26

          11     4                    27

          12     4                    28     4

          13     1                    29     4

          14     3                    30     4

          15     3                    31     4

          16     4           4


              接続水域入域；  ２７ 日、のべ 94 隻
           領海侵入(接続水域入域の内数)； ３ 日、のべ １０ 隻
