中国公船による尖閣諸島接近（接続水域入域・領海侵入）状況                    －令和２年３月－
               (３／３１現在)


                                                              （隻）
                         領海侵入                          領海侵入
年    月   日    接続水域入域   (接続水域入域の内数)
                                     日    接続水域入域
                                                     (接続水域入域の内数)


         1      2                    17     4

         2      2                    18     3

         3      4                    19     4

         4      2                    20     4             4

         5                           21     4

         6      2                    22     4

         7      4                    23     4

         8      4                    24     4
R2   3
         9      4                    25     2

         10     4                    26     2

         11     4                    27     2

         12     4                    28     2

         13     4                    29     2

         14     3                    30     4

         15     7                    31     2

         16     4

             接続水域入域；  ３０ 日、のべ 101 隻
          領海侵入(接続水域入域の内数)； １ 日、のべ               ４隻
