中国公船による尖閣諸島接近（接続水域入域・領海侵入）状況                    －令和２年４月－
               (４／３０現在)


                                                              （隻）
                         領海侵入                          領海侵入
年    月   日    接続水域入域   (接続水域入域の内数)
                                     日    接続水域入域
                                                     (接続水域入域の内数)


         1      2                    17     4             4

         2      2                    18     4

         3      4                    19     4

         4      2                    20     4

         5      2                    21     4

         6      2                    22     2

         7      4                    23     2

         8      4           4        24     4
R2   4
         9      4                    25     4

         10     4                    26     2

         11     4                    27     2

         12                          28     2

         13                          29     2

         14     3                    30     4

         15     7

         16     4

             接続水域入域；  ２８ 日、のべ 92 隻
          領海侵入(接続水域入域の内数)； ２ 日、のべ               ８隻
