中国公船による尖閣諸島接近（接続水域入域・領海侵入）状況                    －令和２年１月－
               (１／３１現在)


                                                           （隻）
                         領海侵入                          領海侵入
年    月   日    接続水域入域   (接続水域入域の内数)
                                     日    接続水域入域
                                                     (接続水域入域の内数)


         1      4                    17     3

         2      4                    18     3

         3      4                    19     3

         4      4           4        20     3

         5      4                    21     2

         6      4                    22     3

         7      4                    23     3

         8      3                    24     3
R2   1
         9      4                    25     3

         10     4                    26     3

         11     4                    27     3

         12     3                    28

         13     4                    29

         14     4           4        30

         15     8                    31

         16     4

             接続水域入域；  ２７ 日、のべ 98 隻
          領海侵入(接続水域入域の内数)； ２ 日、のべ               ８隻
