中国海警局に所属する船舶等による尖閣諸島接近（接続水域入域・領海侵入）状況
               －令和３年１０月－
              (１０／３１現在)


                                                               （隻）
                          領海侵入        日    接続水域入域       領海侵入
年    月    日    接続水域入域   (接続水域入域の内数)                   (接続水域入域の内数)


          1      4                    17

          2      4                    18

          3      4                    19     4

          4      4                    20     4             4

          5      4                    21     4

          6      4                    22     2

          7      4                    23     4

          8      2                    24     8
R3   10
          9      4                    25     4

          10     2                    26     4

          11                          27     4

          12                          28     4

          13     2                    29     4

          14     2                    30     4

          15     2                    31     4

          16     2


              接続水域入域；  ２７ 日、のべ 98 隻
           領海侵入(接続水域入域の内数)； １ 日、のべ               ４隻
