中国公船による尖閣諸島接近（接続水域入域・領海侵入）状況                      －令和元年１２月－
               (１２／３１現在)


                                                              （隻）
                           領海侵入                        領海侵入
 年    月    日    接続水域入域   (接続水域入域の内数)
                                       日    接続水域入域
                                                     (接続水域入域の内数)


           1      3                    17     4           4

           2      1                    18     4

           3      1                    19     4

           4      3                    20     4

           5      3                    21     4

           6                           22     4

           7                           23     4

           8                           24     4
令和元   12
           9      4                    25     4

           10     4                    26

           11     4           4        27

           12     4                    28     4

           13     4                    29     4

           14     4                    30     4           4

           15     8                    31

           16     4

               接続水域入域；  ２５ 日、のべ 95 隻
            領海侵入(接続水域入域の内数)； ３ 日、のべ １２ 隻
