    中国公船による尖閣諸島接近（接続水域入域・領海侵入）状況                   －H24年12月－



                                                               （隻）
年     月    日     接続水域入域     領海侵入        日    接続水域入域     領海侵入
                          (接続水域入域の内数)                 (接続水域入域の内数)


           1                            16     7           1

           2       1                    17     4

           3                            18

           4       4           1        19

           5       2                    20     4

           6                            21     5           3

           7       4           4        22     1

H24   12   8       2                    23

           9                            24     4

           10                           25     4

           11      2           2        26     4

           12      4           3        27     4

           13      5           4        28     4

           14      6                    29

           15      6                    30

                                        31     3           3


                    接続水域入域；21日、のべ80隻
                領海侵入(接続水域入域の内数)；8日、のべ21隻
