      中国公船による尖閣諸島接近（接続水域入域・領海侵入）状況                 －H25年7月－



                                                               （隻）
年      月   日     接続水域入域     領海侵入        日    接続水域入域     領海侵入
                          (接続水域入域の内数)                 (接続水域入域の内数)


           1       5           4        16

           2       4                    17     3

           3                            18     3           3

           4                            19     3

           5       3                    20     3

           6       3                    21     3

           7       3           3        22     3

H25    7   8       3                    23     3

           9       5                    24     7

           10      3                    25     4

           11      3                    26     4           4

           12                           27     4

           13                           28     4

           14                           29     4

           15                           30     4

                                        31     4


                    接続水域入域；２４日、のべ８８隻
                領海侵入(接続水域入域の内数)；４日、のべ１４隻
