中国海警局に所属する船舶等による尖閣諸島接近（接続水域入域・領海侵入）状況
               －令和６年３月－
               (３／３１現在)


                                                            （隻）
                         領海侵入        日    接続水域入域     領海侵入
年    月   日    接続水域入域   (接続水域入域の内数)                 (接続水域入域の内数)


         1      7                    17     4

         2      4                    18     2

         3      4                    19     3

         4      4                    20     4           4

         5      4                    21     4

         6      3                    22     4

         7      4                    23     4

         8      4                    24     4
R6   3
         9      4                    25     4

         10     4                    26     4

         11     4                    27     4

         12     4                    28     4           2

         13     4                    29     4           2

         14     4                    30     4           2

         15     4                    31     4

         16     2

            接続水域入域；  ３１ 日、のべ 121 隻
         領海侵入(接続水域入域の内数)； ４ 日、のべ １０ 隻
