中国海警局に所属する船舶等による尖閣諸島接近（接続水域入域・領海侵入）状況
               －令和５年１０月－
              (１０／３１現在)


                                                               （隻）
                          領海侵入        日    接続水域入域       領海侵入
年    月    日    接続水域入域   (接続水域入域の内数)                   (接続水域入域の内数)


          1      7                    17     4             2

          2      4                    18     4

          3      2                    19     4

          4      2                    20     2

          5      1                    21     2

          6      1                    22     4

          7      4                    23     4

          8      4                    24     4
R5   10
          9      4           4        25     4

          10     4                    26     4

          11     4                    27     4

          12     4                    28     4

          13     4                    29     4

          14     2                    30     4

          15     2                    31     4

          16     3           2

             接続水域入域；  ３１ 日、のべ 108 隻
          領海侵入(接続水域入域の内数)； ３ 日、のべ                ８隻
