中国海警局に所属する船舶等による尖閣諸島接近（接続水域入域・領海侵入）状況
               －令和３年４月－
               (４／３０現在)


                                                            （隻）
                         領海侵入        日    接続水域入域     領海侵入
年    月   日    接続水域入域   (接続水域入域の内数)                 (接続水域入域の内数)


         1      4                    17     4

         2      4           2        18     4

         3      4           2        19     4

         4      4                    20     4

         5      3                    21     4

         6      3                    22     2

         7      4                    23     2

         8      2                    24     4
R3   4
         9      4                    25     4           4

         10     3                    26     2

         11     3                    27     2

         12     3                    28     4

         13     3           2        29     4

         14     3                    30     4

         15     7

         16     4


             接続水域入域；  ３０ 日、のべ 106 隻
          領海侵入(接続水域入域の内数)； ４ 日、のべ １０ 隻
