中国公船による尖閣諸島接近（接続水域入域・領海侵入）状況                     －令和２年１１月－
               (１１／３０現在)


                                                            （隻）
                          領海侵入                          領海侵入
年    月    日    接続水域入域   (接続水域入域の内数)
                                      日    接続水域入域
                                                      (接続水域入域の内数)


          1      4                    17     4

          2      4                    18     4

          3      1                    19     4

          4      1                    20     4

          5      1                    21     4

          6      4           4        22     4

          7      3           2        23     2

          8      3                    24     2
R2   11
          9      3                    25     3

          10     1                    26     2

          11     2                    27     2

          12     2                    28     3

          13     2                    29     2

          14     3                    30     2

          15     8

          16     4

              接続水域入域；  ３０ 日、のべ 88 隻
           領海侵入(接続水域入域の内数)； ２ 日、のべ               ６隻
