中国海警局に所属する船舶等による尖閣諸島接近（接続水域入域・領海侵入）状況
               －令和３年８月－
               (８／３１現在)


                                                            （隻）
                         領海侵入        日    接続水域入域     領海侵入
年    月   日    接続水域入域   (接続水域入域の内数)                 (接続水域入域の内数)


         1      4                    17     4

         2      4                    18     4

         3      4                    19     4           4

         4      4                    20     4

         5      4                    21     4

         6      4                    22     2

         7                           23     2

         8                           24     4
R3   8
         9      4                    25     2

         10     4                    26     4

         11     4                    27     4

         12     4                    28     4           2

         13     4                    29     4           2

         14     4                    30     7           4

         15     8                    31     4

         16     4


             接続水域入域；  ２９ 日、のべ 117 隻
          領海侵入(接続水域入域の内数)； ４ 日、のべ １２ 隻
