      中国公船による尖閣諸島接近（接続水域入域・領海侵入）状況                 －H25年6月－



                                                               （隻）
年      月   日     接続水域入域     領海侵入        日    接続水域入域     領海侵入
                          (接続水域入域の内数)                 (接続水域入域の内数)


           1       5                    16     3

           2       4                    17

           3       5                    18

           4       4                    19

           5       3                    20

           6       4                    21

           7       3                    22     3           3

H25    6   8                            23     3

           9       3                    24

           10      3                    25

           11      3                    26

           12      3                    27     3           3

           13      3                    28     3

           14      3           3        29     4

           15      3                    30     3




                   接続水域入域；２１日、のべ７１隻
                領海侵入(接続水域入域の内数)；３日、のべ９隻
