中国公船による尖閣諸島接近（接続水域入域・領海侵入）状況                     －令和２年１０月－
               (１０／３１現在)


                                                            （隻）
                          領海侵入                          領海侵入
年    月    日    接続水域入域   (接続水域入域の内数)
                                      日    接続水域入域
                                                      (接続水域入域の内数)


          1      4                    17     4

          2      4                    18     4

          3      2                    19     4

          4      4                    20     4

          5      2                    21     2

          6      2                    22     1

          7      2                    23     1

          8      2                    24     1
R2   10
          9      2                    25     3

          10     2                    26     3

          11     4           2        27     3

          12     4           2        28     5

          13     4           2        29     4

          14     4                    30     4

          15     8           2        31     4

          16     4

              接続水域入域；  ３１ 日、のべ 101 隻
           領海侵入(接続水域入域の内数)； ４ 日、のべ               ８隻
