中国海警局に所属する船舶等による尖閣諸島接近（接続水域入域・領海侵入）状況
               －令和３年３月－
               (３／３１現在)


                                                              （隻）
                         領海侵入                          領海侵入
年    月   日    接続水域入域   (接続水域入域の内数)
                                     日    接続水域入域
                                                     (接続水域入域の内数)


         1      2                    17     4

         2      2                    18     4

         3      4                    19     4

         4      4                    20     3

         5      4                    21     3

         6      2                    22     3

         7      3                    23     4             4

         8      4                    24     4
R3   3
         9      4                    25     3

         10     4                    26     3

         11     4                    27     4

         12     4                    28     3

         13     4                    29     4             2

         14     4                    30     3

         15     7                    31     4

         16     3

             接続水域入域；  ３１ 日、のべ 112 隻
          領海侵入(接続水域入域の内数)； ２ 日、のべ               ６隻
