中国海警局に所属する船舶等による尖閣諸島接近（接続水域入域・領海侵入）状況
               －令和６年８月－
               (８／３１現在)


                                                            （隻）
                         領海侵入        日    接続水域入域     領海侵入
年    月   日    接続水域入域   (接続水域入域の内数)                 (接続水域入域の内数)


         1      8                    17     2

         2      4                    18     4

         3      4                    19     2

         4      4                    20     2

         5      4                    21     4

         6      4                    22     4

         7      4           4        23     4

         8      4                    24     4
R6   8
         9      3                    25     4

         10     4                    26     4

         11     4                    27     4

         12     4                    28     4           2

         13     4                    29     4           2

         14     4           2        30     4

         15     4           2        31     4

         16     4

            接続水域入域；  ３１ 日、のべ 121 隻
         領海侵入(接続水域入域の内数)； ５ 日、のべ １２ 隻
