中国海警局に所属する船舶等による尖閣諸島接近（接続水域入域・領海侵入）状況
               －令和８年６月－
                        (   6/30 現在)

                                                           （隻）
                            領海侵入     日    接続水域入域       領海侵入
年    月   日    接続水域入域   (接続水域入域の内数)                   (接続水域入域の内数)


         1      4                    17     4

         2      4                    18     2

         3      4                    19     2

         4      4                    20     4

         5      4                    21     4

         6      4                    22     4

         7      4                    23     4

         8      4                    24     4
R8   6
         9      4                    25     4

         10     4            4       26     4

         11     4                    27     4

         12     4                    28     4

         13     4                    29     4

         14     4                    30     4

         15     2

         16     2

            接続水域入域；  ３０ 日、のべ 112 隻
         領海侵入(接続水域入域の内数)； １ 日、のべ                ４隻
