中国海警局に所属する船舶等による尖閣諸島接近（接続水域入域・領海侵入）状況
              －令和６年１２月－
              (１２／３１現在)


                                                            （隻）
                          領海侵入        日    接続水域入域       領海侵入
年    月    日    接続水域入域   (接続水域入域の内数)                   (接続水域入域の内数)


          1      2                    17     4

          2      4                    18     4

          3      2                    19     4

          4      3                    20     4

          5      4           3        21     2

          6      8           4        22     2

          7      4                    23     4

          8      4                    24     4
R6   12
          9      4                    25     2

          10     4                    26     2

          11     4                    27     3

          12     4                    28     4

          13     4                    29     4

          14     4                    30     4

          15     4                    31     4

          16     4

             接続水域入域；  ３１ 日、のべ 114 隻
          領海侵入(接続水域入域の内数)； ２ 日、のべ                ７隻
