中国海警局に所属する船舶等による尖閣諸島接近（接続水域入域・領海侵入）状況
               －令和６年４月－
               (４／３０現在)


                                                            （隻）
                         領海侵入        日    接続水域入域     領海侵入
年    月   日    接続水域入域   (接続水域入域の内数)                 (接続水域入域の内数)


         1      8                    17     2

         2      4                    18     4

         3      4                    19     2

         4      4                    20     2

         5      4           2        21     4

         6      4           2        22     4

         7      4                    23     4

         8      4                    24     4
R6   4
         9      4                    25     4           1

         10     4                    26     4           2

         11     4                    27     4           2

         12     4           4        28     4

         13     4                    29     4

         14     4                    30     4

         15     4

         16     4

            接続水域入域；  ３０ 日、のべ 118 隻
         領海侵入(接続水域入域の内数)； ６ 日、のべ １３ 隻
