      中国公船による尖閣諸島接近（接続水域入域・領海侵入）状況                  －H25年4月－



                                                               （隻）
年      月   日     接続水域入域     領海侵入        日    接続水域入域     領海侵入
                          (接続水域入域の内数)                 (接続水域入域の内数)


           1       4           3        16     3           3

           2                            17     3

           3                            18

           4                            19

           5                            20     2           2

           6                            21     3

           7                            22     3           3

H25    4   8       3                    23     10          8

           9       3           3        24     10

           10      3                    25     5

           11      3                    26     5           3

           12      3                    27     4

           13      3                    28     4

           14      3                    29     3

           15      6                    30




                    接続水域入域；21日、のべ86隻
                領海侵入(接続水域入域の内数)；7日、のべ25隻
