    中国公船による尖閣諸島接近（接続水域入域・領海侵入）状況                   －H25年11月－



                                                               （隻）
年     月    日     接続水域入域     領海侵入        日    接続水域入域     領海侵入
                          (接続水域入域の内数)                 (接続水域入域の内数)


           1                            16     4           4

           2                            17

           3       2                    18

           4       2                    19

           5       3                    20     4

           6       4                    21     4

           7       4           4        22     4           4

H25   11   8       4                    23     4

           9       4                    24

           10                           25

           11                           26

           12                           27

           13      2                    28

           14      4                    29

           15      4                    30




                    接続水域入域；15日、のべ53隻
                領海侵入(接続水域入域の内数)；3日、のべ12隻
