中国海警局に所属する船舶等による尖閣諸島接近（接続水域入域・領海侵入）状況
               －令和４年１０月－
              (１０／３１現在)


                                                            （隻）
                          領海侵入        日    接続水域入域       領海侵入
年    月    日    接続水域入域   (接続水域入域の内数)                   (接続水域入域の内数)


          1      4           2        17

          2      2                    18

          3      2                    19

          4      4                    20     2

          5      2                    21     4

          6      4                    22     4

          7      4           4        23     2

          8      4                    24     2
R4   10
          9      4                    25     2

          10     3                    26     4

          11     3                    27     4

          12     4                    28     2

          13     3                    29     2

          14     3                    30

          15     1                    31

          16


             接続水域入域；  ２５ 日、のべ 75 隻
          領海侵入(接続水域入域の内数)； ２ 日、のべ                ６隻
