中国海警局に所属する船舶等による尖閣諸島接近（接続水域入域・領海侵入）状況
               －令和３年１月－
               (１／３１現在)


                                                           （隻）
                         領海侵入                          領海侵入
年    月   日    接続水域入域   (接続水域入域の内数)
                                     日    接続水域入域
                                                     (接続水域入域の内数)


         1      4                    17

         2      4                    18     4

         3      4                    19     4

         4      4                    20     4

         5      2                    21     4

         6                           22     4

         7                           23     4

         8                           24     4
R3   1
         9                           25     2

         10     4                    26     2

         11     4                    27     2

         12     4                    28     2

         13     4           4        29

         14     4           1        30     2

         15     4           1        31     4

         16     8

             接続水域入域；  ２５ 日、のべ 92 隻
          領海侵入(接続水域入域の内数)； ３ 日、のべ               ６隻
