中国海警局に所属する船舶等による尖閣諸島接近（接続水域入域・領海侵入）状況
               －令和４年７月－
               (７／３１現在)


                                                            （隻）
                         領海侵入                        領海侵入
年    月   日    接続水域入域   (接続水域入域の内数)
                                     日    接続水域入域
                                                   (接続水域入域の内数)


         1      4                    17     3

         2      4                    18     3

         3      4                    19     3

         4      4                    20     4

         5      4           2        21     4

         6      4           2        22     4

         7      4           2        23     4

         8      4           2        24     4
R4   7
         9      2                    25     2

         10     4                    26     2

         11     4                    27     4

         12     4                    28     4

         13     4                    29     4           4

         14     4                    30     2

         15     8                    31     2

         16     3

             接続水域入域；  ３１ 日、のべ 114 隻
          領海侵入(接続水域入域の内数)； ５ 日、のべ １２ 隻
