 中国公船による尖閣諸島接近（接続水域入域・領海侵入）状況                    －令和元年６月－
                (６／３０現在)


                                                               （隻）
                          領海侵入                          領海侵入
 年    月   日    接続水域入域   (接続水域入域の内数)
                                      日    接続水域入域
                                                      (接続水域入域の内数)


          1      4                    17     4             4

          2      4                    18     2

          3      4                    19     2

          4      4                    20     2

          5      4                    21     2

          6      4                    22     2

          7      4                    23     4

          8      4                    24     3
令和元   6
          9      4                    25     3

          10     4           4        26     4

          11     4                    27     4

          12     4                    28     3

          13     4                    29     2

          14     4                    30     2

          15

          16     4

              接続水域入域；  ２９ 日、のべ 99 隻
           領海侵入(接続水域入域の内数)； ２ 日、のべ               ８隻
