中国海警局に所属する船舶等による尖閣諸島接近（接続水域入域・領海侵入）状況
               －令和３年５月－
               (５／３１現在)


                                                            （隻）
                         領海侵入        日    接続水域入域     領海侵入
年    月   日    接続水域入域   (接続水域入域の内数)                 (接続水域入域の内数)


         1      4                    17     4

         2      4                    18     4

         3      4                    19     4

         4      4                    20     4

         5      4                    21     4

         6      4                    22     4

         7      2                    23     4

         8      4                    24     4           4
R3   5
         9      2                    25     4           2

         10     4           2        26     4

         11     4           2        27     4

         12     4                    28     2

         13     4                    29     4           4

         14     4                    30     2

         15     8                    31     2

         16     4


             接続水域入域；  ３１ 日、のべ 118 隻
          領海侵入(接続水域入域の内数)； ５ 日、のべ １４ 隻
