中国海警局に所属する船舶等による尖閣諸島接近（接続水域入域・領海侵入）状況
               －令和６年６月－
               (６／３０現在)


                                                            （隻）
                         領海侵入                        領海侵入
年    月   日    接続水域入域   (接続水域入域の内数)
                                     日    接続水域入域
                                                   (接続水域入域の内数)


         1      4                    17     4

         2      4                    18     4

         3      3                    19     4

         4      3                    20     4           3

         5      4                    21     4           3

         6      4                    22     4           3

         7      8           4        23     4           2

         8      4                    24     4           2
R6   6
         9      4                    25     4

         10     4                    26     2

         11     4                    27     4

         12     4                    28     2

         13     4                    29     2

         14     4                    30     4

         15     4

         16     4


            接続水域入域；  ３０ 日、のべ 116 隻
         領海侵入(接続水域入域の内数)； ６ 日、のべ １７ 隻
