中国海警局に所属する船舶等による尖閣諸島接近（接続水域入域・領海侵入）状況
               －令和８年９月－
                        (   9/30 現在)

                                                           （隻）
                            領海侵入     日    接続水域入域       領海侵入
年    月   日    接続水域入域   (接続水域入域の内数)                   (接続水域入域の内数)


         1      8                    17     4

         2      4                    18     4

         3      4                    19     4

         4      4                    20     2

         5      4                    21     4

         6      4                    22     2

         7      4                    23     4

         8      4                    24     4
R8   9
         9      4                    25     4

         10     4            4       26     4

         11     4                    27     4

         12     4                    28     4

         13     4                    29     4

         14     4                    30     4

         15     4

         16     4

             接続水域入域；  ３０ 日、のべ 120 隻
          領海侵入(接続水域入域の内数)； １ 日、のべ               ４隻
