中国海警局に所属する船舶等による尖閣諸島接近（接続水域入域・領海侵入）状況
               －令和５年５月－
               (５／３１現在)


                                                            （隻）
                         領海侵入        日    接続水域入域     領海侵入
年    月   日    接続水域入域   (接続水域入域の内数)                 (接続水域入域の内数)


         1      8                    17     2

         2      4                    18     2

         3      4                    19     4

         4      4                    20     4           2

         5      2                    21     4           2

         6      4                    22     4

         7      4                    23     4

         8      1                    24     4           4
R5   5
         9      2                    25     4

         10     4                    26     4

         11     4           2        27     4

         12     4           2        28     1

         13     4                    29     1

         14     2                    30

         15     2                    31

         16     4

            接続水域入域；  ２９ 日、のべ 99 隻
         領海侵入(接続水域入域の内数)； ５ 日、のべ １２ 隻
