中国海警局に所属する船舶等による尖閣諸島接近（接続水域入域・領海侵入）状況
               －令和３年２月－
               (２／２８現在)


                                                            （隻）
                         領海侵入        日    接続水域入域     領海侵入
年    月   日    接続水域入域   (接続水域入域の内数)                 (接続水域入域の内数)


         1      4                    17     4

         2      4                    18     6

         3      4                    19     4

         4      4                    20     4           2

         5      3                    21     4           2

         6      4           2        22     4

         7      4           2        23     4

         8      4                    24     4
R3   2
         9      2                    25     3

         10     4                    26     2

         11                          27     3

         12                          28     2

         13     3

         14     4

         15     4           2

         16     4           4


             接続水域入域；  ２６ 日、のべ 96 隻
          領海侵入(接続水域入域の内数)； ６ 日、のべ １４ 隻
