      中国公船による尖閣諸島接近（接続水域入域・領海侵入）状況                −H26年2月−



                                                             （隻）
年      月   日    接続水域入域     領海侵入        日    接続水域入域     領海侵入
                         (接続水域入域の内数)                 (接続水域入域の内数)


           1       3                   16     3

           2       3          3        17     3          3

           3                           18

           4                           19

           5                           20

           6                           21     3

           7                           22     3

H26    2   8                           23     3          3

           9                           24     3

           10                          25     3

           11                          26     3

           12                          27     3

           13                          28     3

           14

           15




                    接続水域入域；12日、のべ36隻
                領海侵入(接続水域入域の内数)；3日、のべ9隻
