中国海警局に所属する船舶等による尖閣諸島接近（接続水域入域・領海侵入）状況
               －令和５年１１月－
              (１１／３０現在)


                                                             （隻）
                          領海侵入        日    接続水域入域     領海侵入
年    月    日    接続水域入域   (接続水域入域の内数)                 (接続水域入域の内数)


          1      6           4        17     3

          2      4           3        18     3

          3      5           3        19     4

          4      4           2        20     2

          5      4           3        21     3

          6      4                    22     3

          7      4                    23     3

          8      4                    24     2
R5   11
          9      4           4        25     2

          10     3                    26     4

          11     3                    27     4

          12     2                    28     4           1

          13     2                    29     4

          14     4                    30     3

          15     4

          16     4

             接続水域入域；  ３０ 日、のべ 105 隻
          領海侵入(接続水域入域の内数)； ７ 日、のべ ２０ 隻
