      中国公船による尖閣諸島接近（接続水域入域・領海侵入）状況                 －H25年3月－



                                                               （隻）
年      月   日     接続水域入域     領海侵入        日    接続水域入域     領海侵入
                          (接続水域入域の内数)                 (接続水域入域の内数)


           1                            16     5

           2                            17     3

           3                            18     3           3

           4       4                    19     3

           5       5                    20

           6       5           5        21

           7       5                    22     3

H25    3   8       4                    23     4

           9       5                    24     1

           10      3                    25     1

           11                           26     1

           12      3           3        27     4

           13                           28     4

           14                           29     1

           15                           30     1

                                        31     1


                    接続水域入域；22日、のべ69隻
                領海侵入(接続水域入域の内数)；3日、のべ11隻
