中国海警局に所属する船舶等による尖閣諸島接近（接続水域入域・領海侵入）状況
               －令和３年９月－
               (９／３０現在)


                                                              （隻）
                         領海侵入                          領海侵入
年    月   日    接続水域入域   (接続水域入域の内数)
                                     日    接続水域入域
                                                     (接続水域入域の内数)


         1      4                    17     4

         2      4                    18     8

         3      2                    19     4             4

         4      2                    20     4

         5      4                    21     4

         6      2                    22     4

         7      4                    23     4

         8      4                    24     4
R3   9
         9      4                    25     4

         10     3                    26     2

         11                          27     4

         12                          28     2

         13                          29     2

         14     4                    30     4

         15     4

         16     4

             接続水域入域；  ２７ 日、のべ 99 隻
          領海侵入(接続水域入域の内数)； １ 日、のべ               ４隻
