中国海警局に所属する船舶等による尖閣諸島接近（接続水域入域・領海侵入）状況
               －令和４年３月－
               (３／３１現在)


                                                           （隻）
                         領海侵入                          領海侵入
年    月   日    接続水域入域   (接続水域入域の内数)
                                     日    接続水域入域
                                                     (接続水域入域の内数)


         1      4                    17     2

         2      4                    18     1

         3      4                    19     3

         4      4                    20     3

         5      4                    21     3

         6      4                    22     1

         7      4                    23     1

         8      4                    24     3
R4   3
         9      4                    25     2

         10     4                    26     2

         11     8                    27     2

         12     4                    28     2

         13     4                    29     2

         14     4                    30     2

         15     4                    31     2

         16     4           4

             接続水域入域；  ３１ 日、のべ 99 隻
          領海侵入(接続水域入域の内数)； １ 日、のべ               ４隻
