中国海警局に所属する船舶等による尖閣諸島接近（接続水域入域・領海侵入）状況
              －令和６年１０月－
              (１０／３１現在)


                                                            （隻）
                          領海侵入        日    接続水域入域       領海侵入
年    月    日    接続水域入域   (接続水域入域の内数)                   (接続水域入域の内数)


          1      2                    17     2

          2                           18     2

          3                           19     4

          4                           20     2

          5      1                    21     4

          6      4                    22     4

          7      4                    23

          8      4                    24
R6   10
          9      4                    25

          10     4                    26     4

          11     4                    27     4

          12     4                    28     4

          13     4           4        29     3

          14     4                    30     3

          15     4           2        31     1

          16     4           3

             接続水域入域；  ２５ 日、のべ 84 隻
          領海侵入(接続水域入域の内数)； ３ 日、のべ                ９隻
