      中国公船による尖閣諸島接近（接続水域入域・領海侵入）状況                 －H25年9月－



                                                               （隻）
年      月   日     接続水域入域     領海侵入        日    接続水域入域     領海侵入
                          (接続水域入域の内数)                 (接続水域入域の内数)


           1                            16     3

           2                            17     2

           3                            18     2

           4       4                    19     2           2

           5       4                    20

           6       4           4        21

           7       4                    22

H25    9   8       4                    23

           9       4                    24

           10      8           8        25

           11      4                    26

           12      4                    27     4           4

           13      4                    28     4

           14      4           4        29     4

           15      4                    30     4




                    接続水域入域；20日、のべ77隻
                領海侵入(接続水域入域の内数)；5日、のべ22隻
