中国海警局に所属する船舶等による尖閣諸島接近（接続水域入域・領海侵入）状況
               －令和８年７月－
                        (    8/1   現在)


                                                              （隻）
                            領海侵入     日    接続水域入域       領海侵入
年    月   日    接続水域入域   (接続水域入域の内数)                   (接続水域入域の内数)


         1      4                    17     4

         2      4                    18     4

         3      8                    19     4

         4      4                    20     4

         5      4                    21     4

         6      4                    22     4

         7      4            2       23     4             4

         8      4                    24     4
R8   7
         9                           25     2

         10                          26     4

         11                          27     4

         12     2                    28     4

         13     6                    29     4

         14     4                    30     4

         15     4                    31     4

         16     4

            接続水域入域；  ２８ 日、のべ 114 隻
         領海侵入(接続水域入域の内数)； ２ 日、のべ                ６隻
