中国海警局に所属する船舶等による尖閣諸島接近（接続水域入域・領海侵入）状況
               －令和４年１月－
               (１／３１現在)


                                                              （隻）
                         領海侵入                          領海侵入
年    月   日    接続水域入域   (接続水域入域の内数)
                                     日    接続水域入域
                                                     (接続水域入域の内数)


         1      4                    17     4

         2      4                    18     2

         3      4                    19     2

         4      4                    20     4

         5      4                    21     5

         6      2                    22     2

         7      4                    23     2

         8      2                    24     4
R4   1
         9      4                    25     3

         10     4                    26     4

         11     4                    27     4

         12     3                    28     4

         13     3                    29     2

         14     4                    30     2

         15     7           4        31     2             2

         16     4

             接続水域入域；  ３１ 日、のべ 107 隻
          領海侵入(接続水域入域の内数)； ２ 日、のべ               ６隻
